first state:
 0.0270478   0.800152  -0.283145 -0.0111732   -2.76122   -1.44825          0          0          0          0          0          0          0          0          0  0.0270478   0.800152  -0.283145 -0.0111732   -2.76122   -1.44825
keyframe index: 0
==Begin IMU prediction===
Prev state:  0.0270478   0.800152  -0.283145 -0.0111732   -2.76122   -1.44825          0          0          0          0          0          0          0          0          0  0.0270478   0.800152  -0.283145 -0.0111732   -2.76122   -1.44825
IMU update result:  0.0270478   0.800152  -0.283145 -0.0153261   -2.73547   -1.44574 -0.0496233   0.365558  0.0916867          0          0          0          0          0          0  0.0270478   0.800152  -0.283145 -0.0111732   -2.76122   -1.44825
==Begin IMU prediction===
Prev state:  0.0270478   0.800152  -0.283145 -0.0153261   -2.73547   -1.44574 -0.0496233   0.365558  0.0916867          0          0          0          0          0          0  0.0270478   0.800152  -0.283145 -0.0111732   -2.76122   -1.44825
IMU update result:  0.0266486   0.803093  -0.282408 -0.0150426   -2.73448   -1.44594 -0.0541411   0.396024  0.0996317          0          0          0          0          0          0  0.0270478   0.800152  -0.283145 -0.0111732   -2.76122   -1.44825
==Begin IMU prediction===
Prev state:  0.0266486   0.803093  -0.282408 -0.0150426   -2.73448   -1.44594 -0.0541411   0.396024  0.0996317          0          0          0          0          0          0  0.0270478   0.800152  -0.283145 -0.0111732   -2.76122   -1.44825
IMU update result:  0.0266321   0.803213  -0.282377 -0.0150512   -2.73447   -1.44595 -0.0543113   0.397176  0.0999304          0          0          0          0          0          0  0.0270478   0.800152  -0.283145 -0.0111732   -2.76122   -1.44825
==Begin IMU prediction===
Prev state:  0.0266321   0.803213  -0.282377 -0.0150512   -2.73447   -1.44595 -0.0543113   0.397176  0.0999304          0          0          0          0          0          0  0.0270478   0.800152  -0.283145 -0.0111732   -2.76122   -1.44825
IMU update result:  0.0266173   0.803322   -0.28235 -0.0150366   -2.73449   -1.44596 -0.0544626   0.398206   0.100196          0          0          0          0          0          0  0.0270478   0.800152  -0.283145 -0.0111732   -2.76122   -1.44825
==Begin IMU prediction===
Prev state:  0.0266173   0.803322   -0.28235 -0.0150366   -2.73449   -1.44596 -0.0544626   0.398206   0.100196          0          0          0          0          0          0  0.0270478   0.800152  -0.283145 -0.0111732   -2.76122   -1.44825
IMU update result:  0.0265394   0.803891  -0.282207 -0.0150496   -2.73449   -1.44598 -0.0552524   0.403595    0.10158          0          0          0          0          0          0  0.0270478   0.800152  -0.283145 -0.0111732   -2.76122   -1.44825
==Begin IMU prediction===
Prev state:  0.0265394   0.803891  -0.282207 -0.0150496   -2.73449   -1.44598 -0.0552524   0.403595    0.10158          0          0          0          0          0          0  0.0270478   0.800152  -0.283145 -0.0111732   -2.76122   -1.44825
IMU update result:  0.0263602     0.8052  -0.281877 -0.0149849    -2.7341   -1.44598 -0.0570478   0.415797   0.104706          0          0          0          0          0          0  0.0270478   0.800152  -0.283145 -0.0111732   -2.76122   -1.44825
==Begin IMU prediction===
Prev state:  0.0263602     0.8052  -0.281877 -0.0149849    -2.7341   -1.44598 -0.0570478   0.415797   0.104706          0          0          0          0          0          0  0.0270478   0.800152  -0.283145 -0.0111732   -2.76122   -1.44825
IMU update result:  0.0262621   0.805915  -0.281697 -0.0150002   -2.73372   -1.44593 -0.0580126   0.422279   0.106361          0          0          0          0          0          0  0.0270478   0.800152  -0.283145 -0.0111732   -2.76122   -1.44825
==Begin IMU prediction===
Prev state:  0.0262621   0.805915  -0.281697 -0.0150002   -2.73372   -1.44593 -0.0580126   0.422279   0.106361          0          0          0          0          0          0  0.0270478   0.800152  -0.283145 -0.0111732   -2.76122   -1.44825
IMU update result:  0.0261279   0.806892  -0.281451 -0.0150308   -2.73322   -1.44593 -0.0593298   0.431021    0.10858          0          0          0          0          0          0  0.0270478   0.800152  -0.283145 -0.0111732   -2.76122   -1.44825
==Begin IMU prediction===
Prev state:  0.0261279   0.806892  -0.281451 -0.0150308   -2.73322   -1.44593 -0.0593298   0.431021    0.10858          0          0          0          0          0          0  0.0270478   0.800152  -0.283145 -0.0111732   -2.76122   -1.44825
IMU update result:  0.0259708   0.808033  -0.281164 -0.0149762   -2.73285   -1.44592 -0.0608487   0.441059   0.111103          0          0          0          0          0          0  0.0270478   0.800152  -0.283145 -0.0111732   -2.76122   -1.44825
==Begin IMU prediction===
Prev state:  0.0259708   0.808033  -0.281164 -0.0149762   -2.73285   -1.44592 -0.0608487   0.441059   0.111103          0          0          0          0          0          0  0.0270478   0.800152  -0.283145 -0.0111732   -2.76122   -1.44825
IMU update result:  0.0256161   0.810604  -0.280516 -0.0152207   -2.73287   -1.44598   -0.06418   0.463179   0.116596          0          0          0          0          0          0  0.0270478   0.800152  -0.283145 -0.0111732   -2.76122   -1.44825
==Begin IMU prediction===
Prev state:  0.0256161   0.810604  -0.280516 -0.0152207   -2.73287   -1.44598   -0.06418   0.463179   0.116596          0          0          0          0          0          0  0.0270478   0.800152  -0.283145 -0.0111732   -2.76122   -1.44825
IMU update result:   0.025593   0.810771  -0.280474 -0.0152031   -2.73288   -1.44599  -0.064384   0.464543   0.116931          0          0          0          0          0          0  0.0270478   0.800152  -0.283145 -0.0111732   -2.76122   -1.44825
==Begin IMU prediction===
Prev state:   0.025593   0.810771  -0.280474 -0.0152031   -2.73288   -1.44599  -0.064384   0.464543   0.116931          0          0          0          0          0          0  0.0270478   0.800152  -0.283145 -0.0111732   -2.76122   -1.44825
IMU update result:  0.0255156   0.811329  -0.280334 -0.0152791   -2.73285   -1.44598 -0.0650616   0.469094   0.118034          0          0          0          0          0          0  0.0270478   0.800152  -0.283145 -0.0111732   -2.76122   -1.44825
==Begin IMU prediction===
Prev state:  0.0255156   0.811329  -0.280334 -0.0152791   -2.73285   -1.44598 -0.0650616   0.469094   0.118034          0          0          0          0          0          0  0.0270478   0.800152  -0.283145 -0.0111732   -2.76122   -1.44825
IMU update result:  0.0253427   0.812576   -0.28002 -0.0151876   -2.73246   -1.44603 -0.0665637   0.479173   0.120454          0          0          0          0          0          0  0.0270478   0.800152  -0.283145 -0.0111732   -2.76122   -1.44825
==Begin IMU prediction===
Prev state:  0.0253427   0.812576   -0.28002 -0.0151876   -2.73246   -1.44603 -0.0665637   0.479173   0.120454          0          0          0          0          0          0  0.0270478   0.800152  -0.283145 -0.0111732   -2.76122   -1.44825
IMU update result:  0.0250921    0.81438  -0.279566 -0.0154103   -2.73159   -1.44586 -0.0687174    0.49351   0.123858          0          0          0          0          0          0  0.0270478   0.800152  -0.283145 -0.0111732   -2.76122   -1.44825
==Begin PnP prediction===
Prev state:    -0.998224    0.0581323    0.0129965    0.0105458   -0.0422684     0.999051 6.95268e-310 6.95268e-310  6.77019e-43 6.95268e-310 1.06025e-153  1.4822e-323   9.7152e-67  1.25074e+98 6.20428e+223 1.96872e-153 1.98417e+214 6.20428e+223 1.48947e+195 7.45192e-246 1.01007e+261
PNP update result: -nan -nan -nan -nan -nan -nan -nan -nan -nan -nan -nan -nan -nan -nan -nan -nan -nan -nan -nan  nan -nan
deque 0: 9.82215e+252 1.98417e+214 6.20428e+223 1.48947e+195 7.45191e-246 1.36621e+161 3.12078e+233 1.29619e+161  2.04335e-28  1.2293e+213  2.6531e-258  1.2103e-153 6.07891e+247 3.17543e-258 1.28488e-153 8.21944e+223   1.5475e-75  1.79658e-46 3.39211e-319  2.75358e+39  3.9315e-245
